Исходная программа:
128m : out of memory
256m : out of memory
384m: 11108 11103 11107 11127 11049 11128 11101 11246 11110 11107 -> 11118
512m: 10024 10082 10080 9995 9988 10011 10072 10030 9972 9981 -> 10023
640m: 10119 10123 10106 10100 10142 10120 10122 10099 10169 10129 -> 10122
768m: 9828 9881 9918 9788 9749 9857 9759 9900 9764 9808 -> 9825
896m: 9809 9753 9775 9764 9799 9742 9825 9801 9782 9748 -> 9779
1024m: 9658 9667 9731 9639 9686 9670 9800 9691 9677 9678 -> 9689
1152m: 9659 9614 9648 9604 9590 9639 9634 9568 9612 9608 -> 9617
1280m: 9385 9403 9416 9354 9400 9400 9399 9403 9390 9378 -> 9392
1408m: 9130 9085 9355 9093 9124 9120 9142 9131 9150 9109 -> 9143
1536m: 9284 9112 9102 9110 9117 9116 9261 9249 9132 9148 -> 9163
1664m: 9044 9165 9023 9037 9026 9027 9051 9021 9038 9020 -> 9045
1792m: 8682 8679 8679 8669 8677 8681 8676 8675 8683 8689 -> 8679
1920m: 8871 8865 8862 8904 8864 8859 8860 8869 8866 8868 -> 8868
2048m: 9036 8979 8996 8992 8911 8976 8942 8848 8995 8939 -> 8961
2176m: 9170 9137 9065 9052 9120 9160 9194 9138 9143 9119 -> 9129
2304m: 8924 8905 9184 8912 8952 9190 8927 9192 8938 8922 -> 9004
2432m: 8888 8839 8993 8996 9221 8875 9166 8849 8892 8871 -> 8959
2560m: 8943 8941 8954 8964 8986 8949 10361 9616 10339 8948 -> 9300
2688m: 8984 8845 8918 9160 8970 8931 8933 8974 8942 8970 -> 8962
2816m: 8993 9597 8993 10389 8985 9008 8969 8922 8959 8908 -> 9172
2944m: 8988 8920 8957 8892 8897 8892 8947 8944 8857 8933 -> 8922
3072m: 8897 8983 8992 8866 8932 8948 8940 8907 8891 8873 -> 8922
3200m: 8914 8928 8907 8904 8924 8916 8948 8942 8911 8943 -> 8923
3328m: 8730 8793 8840 8863 8882 8786 8955 8748 8857 8900 -> 8835
3456m: 8924 8731 8731 8726 8799 8782 8737 8718 8743 8716 -> 8760
3584m: 8928 8942 8938 8930 8936 8928 8938 8941 8933 8937 -> 8935
3712m: 8936 8924 8922 8923 8951 8921 8921 8918 8930 8919 -> 8926
3840m: 8979 8984 8974 8971 8969 8973 8970 8984 9006 8969 -> 8977
3968m: 8904 8901 8914 8997 8899 8903 8892 8902 9004 8907 -> 8922
4096m: 8904 8988 8946 8924 8923 8924 8910 8918 8915 8915 -> 8926



Integer заменено на int:
384m: 1773 1786 1974 1972 1982 2059 1819 1810 1811 1860 -> 1884
512m: 1706 1694 1720 1715 1704 1731 1697 1713 1708 1721 -> 1710
640m: 1694 1737 1634 1742 1679 1628 1642 1659 1637 1651 -> 1670
768m: 1820 1773 1810 1806 1763 1819 1759 1790 1810 1811 -> 1796
896m: 1715 1720 1727 1730 1712 1710 1724 1743 1713 1731 -> 1722
1024m: 1771 1747 1750 1746 1746 1785 1768 1761 1773 1739 -> 1758
1152m: 1789 1790 1795 1801 1781 1799 1787 1790 1786 1792 -> 1791
1280m: 1684 1780 1720 1692 1727 1752 1692 1730 1740 1728 -> 1724
1408m: 1731 1725 1731 1756 1750 1729 1721 1736 1722 1743 -> 1734
1536m: 1660 1691 1698 1674 1667 1679 1680 1708 1676 1662 -> 1679
1664m: 1746 1738 1705 1719 1697 1723 1720 1698 1726 1739 -> 1721
1792m: 1747 1735 1763 1758 1736 1741 1734 1735 1735 1753 -> 1743
1920m: 1734 1712 1693 1723 1731 1677 1690 1713 1694 1740 -> 1710
2048m: 1717 1710 1723 1717 1724 1710 1725 1723 1727 1723 -> 1719
2176m: 1767 1767 1743 1755 1767 1767 1760 1756 1763 1739 -> 1758
2304m: 1637 1639 1626 1634 1642 1629 1641 1632 1636 1641 -> 1635
2432m: 1665 1676 1658 1662 1667 1666 1676 1651 1660 1659 -> 1664
2560m: 1672 1679 1678 1669 1688 1696 1678 1682 1668 1680 -> 1679
2688m: 1687 1705 1691 1695 1683 1697 1690 1694 1685 1686 -> 1691
2816m: 1679 1729 1686 1698 1704 1681 1677 1686 1681 1676 -> 1689
2944m: 1683 1689 1699 1698 1701 1691 1693 1691 1672 1694 -> 1691
3072m: 1661 1671 1669 1694 1669 1669 1682 1662 1671 1676 -> 1672
3200m: 1681 1715 1679 1673 1679 1672 1672 1686 1693 1693 -> 1684
3328m: 1624 1637 1623 1614 1620 1618 1608 1619 1606 1622 -> 1619
3456m: 1627 1638 1641 1638 1654 1627 1660 1650 1635 1641 -> 1641
3584m: 1677 1658 1680 1669 1658 1661 1642 1663 1666 1659 -> 1663
3712m: 1672 1703 1704 1716 1664 1670 1696 1673 1690 1702 -> 1689
3840m: 1664 1652 1672 1653 1674 1666 1662 1697 1664 1651 -> 1665
3968m: 1633 1642 1636 1641 1646 1634 1652 1628 1652 1638 -> 1640
4096m: 1615 1584 1643 1633 1594 1604 1600 1596 1610 1587 -> 1606
